[ -8.434149   -5.4295287  -3.719897  -14.219184  -11.378897 ]
[ -3.7379606  -7.7626925  -6.8132772  -6.226694   -6.7385283  -9.859121
 -12.772431  -15.260929   -9.709728 ]
[ -4.1770406  -8.441876  -12.936562 ]
[ -2.8126206 -15.109426 ]
[ -7.347023  -14.837652   -2.8444006  -8.511851  -12.24266    -3.8613822]
[ -4.1031704  -8.747864   -5.9479904  -6.8118653  -5.9845734  -8.30342
  -8.744851   -4.592328   -7.4038496 -15.073913   -6.516028   -6.904261
  -5.402978  -10.663461  -12.038698   -7.3012443 -13.707857   -8.852784
 -12.655935   -8.85191  ]
[ -2.5238688 -17.39248   -12.100214  -11.931316  -15.414465  -11.969215 ]
[-15.18161   -13.9314785  -1.3981642 -10.558787  -11.160495    3.9156826
  -4.43794  ]
[ -2.2098877  -6.9438863 -14.701673 ]
[ -7.011975 -11.967884 -15.597838 -16.543365 -15.605613 -13.678113
 -11.449921 -16.085588 -12.841791]
[-4.5898333 -3.39843   -8.632875 ]
[ -6.4303646  -5.748014   -1.4144781  -4.430464   -3.1642892 -11.858461
 -14.859212   -2.591344  -14.912369   -7.859702   -4.400298  -11.872525
  -6.599527   -4.195192 ]
[ -7.79203    -9.176328   -8.973798   -6.6021643  -7.355646  -14.810468
 -14.142004  -13.330432   -9.940486  -15.503598  -16.226696   -8.828604 ]
[-10.969857  -11.150067  -13.915015  -10.880487  -14.364037  -13.288619
 -11.448247   -9.274524   -8.905846   -9.3843155  -8.561443  -13.7469635
  -5.85293    -7.392591  -10.908437   -8.172916   -9.199015   -9.276949
 -14.083338  -12.904029  -12.763352  -10.307529  -10.004718 ]
[-1.3037559 -3.2776744 -2.9302123 -1.3851138 -7.548287  -5.378698
 -7.9225106 -4.4917965]
[-2.121838  -1.3663613 -1.8075625 -3.6607625 -1.5916432 -4.7440405
 -3.7582169]
[ -9.009437 -14.163225 -12.280489 -12.094269 -16.642761]
[-12.857543 -14.63421  -12.97937  -12.538133]
[ -3.8077097 -12.196269   -7.296134   -6.7433825  -6.933048   -7.31101
  -5.504282   -7.947838  -11.11928   -16.071972   -9.232162  -14.264967
  -4.2287416  -6.6692686  -4.7181425]
[ -2.5857594  -8.573966   -5.957042  -12.262045 ]
[ -5.3149576  -9.414633   -7.3496065  -2.752776   -5.837949   -7.594854
  -7.052942  -11.417414   -7.238012   -5.247338   -8.036846   -8.390923 ]
[ -6.6806245   0.7589753 -13.841039   -1.3049589  -7.371814   -3.0939631
 -11.874607 ]
[ -4.2821994  -5.1968927 -10.696696  -11.252682  -11.123573  -14.830975
 -13.382279  -13.5978985]
[ -6.131167   -8.30765   -12.96514    -8.852829   -7.6223273 -12.107976
 -13.072274  -13.77091    -9.159061   -7.032492  -16.724495  -17.275167
 -15.282361  -16.65874   -14.663231   -9.545301  -12.260333  -16.303411 ]
[ -4.9507737 -10.18043   -10.2964525 -12.961311  -16.11568   -14.626963
 -15.46722   -12.59609   -14.080835  -11.566589  -13.99993   -13.809294
 -14.5524645 -14.480383  -13.639923 ]
[-4.210104  -2.6569965 -5.981664 ]
[ -5.0192423 -14.585985  -16.45684   -15.304645  -15.2674465 -14.346348
 -13.339585 ]
[-2.0518258 -5.2498627 -2.0160983 -1.2464232 -6.406327  -1.9355184]
[-8.911989  -3.1441588]
[-8.586046  -1.7664821 -5.280425  -5.0987225 -7.3304358 -6.095481
 -4.209123  -9.685875  -4.180145  -6.157726 ]
[ -9.873162   -4.490612   -7.682918   -5.983852   -7.816233   -7.0258927
 -14.718397   -9.554817  -10.009478   -3.7351851  -2.417377  -10.7931795
  -8.530085  -11.853482   -9.519233   -5.705981   -5.485346 ]
[ -7.080295   -5.3775353 -13.577749  -12.90563   -15.754255  -13.824323
 -13.626866  -10.332407  -12.819737  -10.84232   -13.678643  -14.298134
 -13.60892   -16.664383  -16.57545   -16.289196  -14.961175  -15.251519
 -10.047916   -7.6954155 -13.976888  -15.806841  -14.227622  -13.910373
 -15.53572   -16.338125  -13.469676  -16.45375    -4.811808  -16.057743 ]
[  0.17657863 -15.956934   -15.335997   -12.231253   -12.926707
 -13.332261   -13.489033   -15.515451   -15.761902   -14.334184
 -14.085905   -12.491332   -15.062946   -13.8996525   -5.3154473
 -13.471074    -8.495503   -15.912611    -9.726633   -15.31192
 -14.933445  ]
[ -0.93534374  -8.391824   -10.226945    -4.699152    -7.275889
  -4.4568915 ]
[-0.7565987 -6.6701813 -4.11062   -5.4127607 -9.77263   -6.8083653]
[ -2.9973652 -13.329087  -16.321846  -10.950003 ]
[-14.204402    -0.03407801  -7.753602   -14.521597   -13.0729265
 -12.71364   ]
[-10.421554 -15.171556 -15.15332  -15.760556 -14.755443 -15.709828
 -15.15767  -14.713509 -14.751422 -14.71248  -14.57193  -15.981981
 -15.268651 -15.135748 -14.497019 -15.685716]
[  0.17182998 -13.43484    -13.33987    -12.375944   -13.83042
 -13.832656   -13.815203   -13.450945   -13.816006   -11.802666
 -10.127851   -10.495655    -7.390089    -8.243738   -12.520728  ]
[-4.719061 -5.203152 -5.289561 -5.766088 -4.611645]
[-15.233068  -9.678892 -14.832894 -14.697536 -13.484724 -11.286952
 -12.493746 -13.068112 -13.363286 -15.104037]
[ -1.1670063 -10.127497   -3.3018293 -11.150709   -9.004568 ]
[-1.7093958   0.22022258 -5.100683   -2.3172553  -3.4728477  -4.1172614
 -2.9797025 ]
[-13.519646 -12.416061 -11.896411 -14.617572 -16.162252 -14.012019
 -14.111332 -14.296199 -12.832369 -14.515973]
[-2.94159   -2.3690512 -2.502895  -4.6542745]
[  0.37665066  -9.077584    -4.767019    -6.852515    -7.52132
  -7.8274093   -9.747205   -10.342873  ]
[ -7.2556334  -9.32783    -6.2552543  -6.0760098  -6.9822793  -7.6756587
  -6.647459   -7.368497   -8.061397   -8.121073   -9.647943   -9.472827
  -7.048529   -7.4444356  -5.584921  -13.569968   -8.580891   -7.2598853
  -6.9438343  -7.2390203  -8.258259 ]
[ -2.7901914  -1.9234077 -14.857857   -5.1932707  -7.9827557 -14.71663
 -14.110946 ]
[ -2.964275  -15.514999  -10.401366   -4.892966   -8.0057955  -9.291887
 -16.229357  -11.616418  -10.345021  -15.3633585  -9.62754   -11.334433
  -3.7946057 -11.302063  -12.8375025 -12.886874   -8.299866 ]
[-11.189149 -10.905032 -15.558547]
[ -1.7340214    0.30708584   3.0110116   -7.026191    -1.1983552
  -8.436744   -11.713368   -12.749785    -2.3926573    1.2246317
 -10.717267   -13.857466    -1.614434    -0.89864784 -11.445437
  -0.7428252   -1.6270055   -6.665386    -6.201583     1.5737158
  -2.4336598   -9.466193   -13.098837    -3.0287573   -6.565532
  -3.6810606   -1.1429486   -6.1288857   -3.1730542 ]
[ -3.5639067  -5.4950714  -3.9056475  -6.7529135  -4.3488555 -10.5484
  -6.0798874  -5.318761 ]
[ -1.9346218 -12.702345  -10.793735  -13.28619  ]
[ -1.814923 -14.434176]
[  2.297821    -3.083884    -3.6055624   -0.10317088  -4.063205
  -9.701492   -14.847635   -14.120914    -6.8912888  -11.644036  ]
[ 0.1858362 -2.0161772 -0.8038052 -2.952868  -7.648017 ]
[-4.432395 -9.786194]
[-12.636636  -15.478999  -15.43958   -15.777724  -10.291567  -13.032055
  -5.881164  -14.244083  -14.375456   -8.423745   -7.5541563]
[-13.203455  -15.328627  -13.443338  -15.399933  -16.309042  -12.951509
 -14.881216  -15.941137  -15.9931345 -16.599184 ]
[-11.913102  -13.747748  -14.305653  -11.406072  -14.837699  -14.865383
 -12.347151  -13.299642  -15.893377  -15.121766  -16.113989  -15.938993
 -15.123005  -15.272043  -14.1965885  -7.8756914  -8.334095  -12.490782
  -6.768607  -13.341544  -14.49418   -15.3291025 -14.1776905 -14.983834
 -15.526583  -13.543461  -14.695519 ]
[ -7.881411  -14.9641    -15.584195  -15.715201  -16.307657  -12.404678
 -13.520237  -14.664691  -14.4059105  -8.418413 ]
[ -4.2969823  -6.4076447  -3.70385    -5.1989155  -3.7415745 -11.519688
 -12.946657   -5.977494   -9.107506   -6.249423   -6.076912   -6.1998324
  -3.2138383  -6.646749   -5.1703877  -5.0358477  -7.954367   -3.8827565
  -9.35792    -8.18122   -13.194592   -8.189866 ]
[ -1.3477889  -8.985309   -6.6234193 -10.842019  -15.001231  -12.533622
 -15.375281  -14.785883  -15.971698  -10.287756 ]
[-14.957268   -5.482112   -7.545358   -7.691056   -6.1081305  -6.379582
  -7.446725   -5.194768   -8.412755   -6.1753874  -8.642648  -11.90205
 -13.544941   -4.8550844]
[  2.0499802  -1.6044897 -10.899372   -4.6719646]
[-12.749809 -10.007729 -15.343037 -15.997475 -14.329167 -10.408347
 -16.415781]
[-15.136255 -16.362667 -14.71377  -15.035103 -15.589541 -15.222423
 -15.79114  -14.357691 -15.561078 -15.633219]
[ -4.9548044  -8.038212   -8.75633   -10.597826   -5.5901356]
[-13.619685  -15.334548  -14.39893   -11.734162  -13.662385   -8.774478
 -14.583793  -15.165861  -12.97344   -12.004116  -11.15389   -13.654661
  -9.180263   -6.5400443  -9.341205  -14.604914  -10.713478  -13.594858
  -7.6783013 -15.40469   -11.880212  -12.146872  -13.813138 ]
[ -2.3652108  -8.552325   -5.689223  -10.215579   -4.239166   -2.6478748
 -14.185256   -4.1368117]
[1.4670159 3.422293 ]
[ -8.851107  -13.5817995  -2.0952814  -8.350652  -15.77909   -13.375413
 -16.452446  -16.595098  -16.597588  -12.760654  -16.985235 ]
[-6.192843  -6.4710727 -7.4146495 -5.3530846  0.1836701 -7.7142863]
[-1.5556853 -3.1631186 -5.470453  -6.7438893 -5.0649195 -6.3018355
 -6.3610187 -8.073828  -6.7173867 -5.3095627 -8.823694  -5.746922
 -6.7932363]
[-5.3340225   1.3243046  -0.02026711 -0.5043758  -0.68817204 -3.1775334
 -6.429571   -7.3305154  -1.8884909  -9.248296    0.8316473  -1.6264195 ]
[-17.764103  -11.02335    -5.844932  -12.798024   -4.2078695 -13.748709
 -14.211612  -13.687249   -7.94096   -14.137848  -13.7711115  -8.251067
 -11.693815  -11.658544   -6.8682656]
[-13.735162  -9.9331   -16.734896 -14.54766  -14.927996 -15.117129
 -16.052492 -14.403586 -16.500654 -12.943262 -16.51537  -12.688514
 -16.74162  -11.712007]
[ -4.9673524  -6.7501273 -12.200755  -15.094036   -6.45391   -10.196203
 -11.25869   -14.871073  -14.029586  -13.715063  -10.222077  -12.837665
 -15.161505  -10.448724 ]
[ -6.8419366 -10.066687  -11.405335  -11.569218  -12.165741  -13.513439
  -5.3308263  -8.490732  -11.912742  -15.238829  -12.319517  -13.960892
 -15.460646  -15.885636  -13.74688  ]
[ -5.918131   -3.3273134  -5.445568   -4.0176306  -6.626738  -12.733772 ]
[ -5.2274113 -13.842503  -12.2275715 -14.313876 ]
[-0.49934164 -4.6864476  -4.6912856  -3.887777   -7.6599417  -6.8182793
 -8.099399   -5.0539937 ]
[-2.1350582 -4.1156497 -2.833408  -7.2546425 -9.366471 ]
[ -5.1053925 -13.780964 ]
[ 2.0762134   0.22046678  4.979716   -2.9052675   1.7046847  -3.037149  ]
[-2.3041368 -3.2788818 -6.760125  -6.652007  -7.6151285 -8.463944
 -5.8261595 -6.338707 ]
[-14.738706 -14.418728 -14.085628 -15.625601  -9.064953 -14.015624
 -14.806892 -14.220946 -15.43818  -14.27456  -15.275213 -13.996631
 -15.388124 -14.902821 -15.524819 -14.834335 -15.13206  -15.137157
 -14.383368 -14.996517 -12.937907 -13.378728 -15.834255 -15.327977
 -14.521287 -16.759615 -14.195911 -15.340979]
[ -4.141912  -12.319113   -9.355327   -1.7368304]
[-10.859035    -0.77507013  -4.127988    -3.6945186  -10.311814
 -13.969915   -15.729467    -5.2521462  -14.379363    -9.625162
 -16.094208   -15.852481  ]
[ -1.823432   -2.1266823  -4.7879224  -3.062045   -4.767687   -5.4865303
  -2.9105647  -3.3652554  -6.2684646  -3.926375   -7.6740074 -10.437357
  -6.0238347 -12.291104 ]
[-2.5350878 -5.7902427 -8.393322 ]
[ -3.1059542  -8.128561   -8.038952   -7.242508  -11.888676   -8.165543
  -7.503277  -11.526548   -9.5130205 -15.599049  -13.587969  -14.976229
  -8.404349  -13.505359  -12.710388  -15.587248 ]
[ -0.58207643 -15.710823  ]
[  0.92873865 -10.015306    -7.0633726   -8.412982    -7.2103124
 -10.900506   -12.024782   -13.9830675  -11.219982   -15.133892
  -3.1022522  -12.405859   -14.34145    -13.166277   -13.898017
 -12.445352   -14.572585   -14.604587   -15.665305   -16.144547  ]
[-19.033611    0.5644865  -7.1335173  -6.549867   -6.3749804  -5.0140667
  -1.5780925  -6.1697774  -3.9729638  -2.98224    -4.476148  -12.516908
  -6.368884   -7.5447526  -6.7270575  -5.896736   -8.781896 ]
[ -6.197779 -14.234832 -15.419185 -12.253528 -14.280839]
[ -2.6097474 -15.134536   -9.575525  -16.231722  -10.264554  -16.420963 ]
[ 0.2712903 -1.4153978 -2.9379482 -9.532143  -3.822969  -7.9215717
 -4.0256205]
[  0.28109273  -7.1149435  -14.342468   -11.791362   -14.679875
  -9.841445   -12.309139   -14.800749    -9.181898   -11.036212
  -8.43996    -14.060437   -17.368084   -14.649887   -13.501836
  -8.525526   -12.908191  ]
[ -1.1485224  -5.5738935 -12.256843  -15.0943575  -3.444478  -12.251698
  -8.868147  -14.888531  -16.171286  -15.840982  -15.423503  -13.476926
  -5.6998205 -10.251009  -13.300308  -12.654287  -13.08106   -13.816219
 -14.462012  -12.633846  -13.958966   -9.988669  -10.02079    -3.262166
 -12.060566  -11.395198   -9.774978 ]
[ -0.868112   -2.9198895  -6.2438226  -5.993628  -10.24883   -11.4588785
  -3.645278 ]
[-15.837252   -5.8782544  -7.4821873  -9.0480585  -8.710971  -13.909234
 -13.007144  -14.797402  -16.311733   -8.6506405 -11.752917   -7.178454
 -10.991027   -7.127506   -8.520309  -14.907498 ]
[ -6.0749407 -14.138505  -17.042583  -13.809484  -11.11338    -3.8804262
 -15.994254  -13.483887 ]
[-6.844351]
[-0.6553637 -1.4963547]
[ -4.8382506  -2.8568904  -4.637511   -2.9542742 -10.681346   -3.1990454
  -5.960791   -6.487672 ]
[ -6.4442472 -10.676987   -9.424489  -10.019392   -7.669074  -16.546236 ]
[ -8.005513  -14.926886  -14.028722  -13.748294  -14.053774   -7.5566096
  -8.270394   -5.788018  -14.312988   -4.5776806 -13.848903  -12.651126
  -6.4105673  -5.390169   -6.916299  -17.457003  -12.666404 ]
[ -9.6882105  -2.34186    -6.2501783  -6.1330757  -6.55379    -2.774926
  -2.463437   -7.475302   -4.839666   -6.8831167  -3.4030368  -4.8859935
 -14.482024   -6.4403534  -3.6519375  -7.132243   -9.410585   -5.4324493
  -3.1692934  -6.134697   -4.976503 ]
[-2.278167  -9.958276  -8.925204  -7.2078533]
[ -6.966158 -14.367532 -15.022104 -14.742958 -16.31708  -15.783633]
[ -1.4869277  -7.2274885  -3.5236564 -11.137063   -4.451884 ]
[ -0.03187175  -9.157248   -13.1837     -12.472652    -3.0466402
  -2.9806197   -4.0820684   -5.6465287   -7.6863437  -14.617569
  -7.2183266   -3.9762387   -7.639119    -4.1547775   -3.7691545
 -12.566822    -0.07425079  -1.9145854   -1.654341    -8.091665
  -5.5730786 ]
[ -3.1250613  -9.716806  -10.367745 ]
[-6.510656   -2.048289    1.9779766  -1.0924882  -3.4301305  -5.9025893
 -2.2416883   0.48884493 -2.7269578   0.10531727 -1.7087128  -1.6281672
 -3.1674824  -4.292332   -0.3010965  -8.904721  ]
[-11.916666 -13.265407 -16.800983  -7.796764 -15.70128 ]
[-5.2022285 -4.272861  -8.967962  -7.8514915 -5.6643043]
[ -1.6941565  -2.5437715  -7.092089   -7.349607  -10.169908   -5.0368724
 -11.040835   -8.173076   -7.976832   -2.760121   -6.3696055  -3.9345987
  -4.7949133  -2.4753864  -6.4102     -3.030481   -3.7640417  -3.2057195
  -7.8124948  -3.8651183  -6.651597   -2.2540088  -6.0654497  -5.4432
  -5.6057563  -7.869429 ]
[-10.224898   -1.1256162  -4.9396787  -6.1263833 -11.130973   -8.050255
 -13.393308   -4.0710864]
[-14.940907   -4.4226522 -10.11876   -12.943272  -10.70454   -11.130701
 -14.228886  -15.141307  -14.133942  -12.699726  -10.646126 ]
[-18.250288  -14.202802  -14.319776  -14.323233  -15.315981  -14.1359415
 -15.121426  -14.536427  -14.121218 ]
[ 4.16119   -3.513096  -5.9731584 -5.00318   -1.6319219 -6.0120015]
[ -9.300984   -3.9012756  -7.2730403  -7.414596   -6.864585   -7.0614524
 -15.599427   -8.580113   -6.0885887]
[-6.974891]
[ -1.1569403 -13.530334   -6.5868516 -12.255469  -12.963714 ]
[ -9.451546  -13.618535  -12.803072  -10.702683  -13.319086  -14.364633
 -15.551981  -15.563827  -15.399402  -15.402608   -7.6598744  -3.2596486
 -15.591995  -14.40243   -14.815294  -15.493934  -15.599418  -15.123708
 -15.949649  -16.143143 ]
[ -2.9976556  -5.0545864 -10.883939  -12.065339   -4.1410503  -7.6401043]
[  1.9815634   -4.9100094   -1.4528495    0.55563176  -5.691605
   0.40613684  -7.7132325  -10.679038    -4.014224    -2.2297668 ]
[ -4.1811943  -4.2848306  -9.981035  -10.856878  -13.256809 ]
[ -3.0398138 -15.169266   -9.0924    -14.88242   -16.127218   -5.874639
 -11.334851 ]
[ -0.6728019  -8.057969   -4.719245   -4.1159763 -12.361099   -4.053563
 -10.335303   -1.647469   -4.2153196]
[ -6.9885674  -8.562793   -4.094267   -8.005607   -4.4933324  -5.0003366
  -6.7596602  -4.2799215  -5.879789   -3.6870804 -16.539627 ]
[ -0.80720073  -4.966817    -9.67617    -11.977574    -6.4951453
  -9.471405    -7.067366   -12.774345    -6.872822    -5.839088
  -7.3721023   -8.792338    -8.012192  ]
[ -5.342536   -4.692615  -13.223802   -9.903537   -7.8717327]
[ -6.458174   -9.565478  -11.434629   -7.6866837  -7.5001955  -5.344727
  -7.9118443  -6.565332   -9.6231785  -5.924026   -6.695994   -6.9642887
  -7.132746  -10.035468  -10.482917   -8.551159  -10.671274   -7.8988986
 -11.088851  -11.629572 ]
[-11.4832535 -15.658039  -15.538348  -12.338529  -12.271609 ]
[ -4.3974032   -9.707679   -10.053086    -3.752922    -4.016861
  -4.117886    -9.91114     -7.4679537  -11.405696    -5.16736
  -7.194372    -7.166903    -6.6144037   -7.778329    -0.47174793
  -5.987222   -11.086229    -9.903487    -5.7544513   -4.0362906
  -9.078251    -6.013298    -3.4916468  -10.408078    -5.1169863
  -3.3029985   -3.5516841  -11.394499  ]
[ -1.6604972 -12.974001  -11.059249 ]
[-15.126242  -11.858345  -10.620664  -16.529999   -4.1195593 -10.995958
 -14.607712  -10.024563   -3.2384093  -5.9889836 -11.563259  -16.247442
 -11.197975  -14.206146  -16.468536 ]
[-3.7198758  0.9154574 -4.7429214 -4.176166  -1.9836429 -2.2325718
 -4.7086997]
[-0.62671036 -6.9687886  -4.308038   -5.937508   -5.6726522  -8.100256
 -2.8618808  -8.691811  ]
[ -0.972172   -7.6605177 -11.229617 ]
[ -4.121305   -4.38577    -5.3182054  -3.5160294  -1.8942068 -10.601126
 -16.050158   -6.0163693 -10.483038   -8.789793   -5.372025 ]
[-0.2230324 -3.895179  -7.3075037 -9.670401  -8.062624  -5.354242
 -5.2883716 -4.9255404]
[ -9.205087   -5.6968217 -12.954492   -5.785812   -5.073392  -11.9305315]
[-14.003434    -0.07065627   1.5330694   -3.669161    -0.12209524
  -1.6222423   -7.227999   -11.303051   -14.4270115   -6.018949
 -13.953709    -5.5338573  -15.201545    -5.47744     -9.056058
 -15.263245  ]
[-2.5796058  -0.91927594 -8.601468  ]
[  5.2732677 -14.659543 ]
[ -6.3865285  -1.3478596  -5.160595   -5.2635207  -6.937575   -5.63882
  -7.944897  -12.548272 ]
[ -2.223048    -0.50123906 -14.309581     2.4829457   -4.1148424
 -16.96187    -15.298205   -12.581363   -14.459836   -14.472585
 -12.023617    -9.300265   -11.651956   -13.868499   -13.466991
 -11.167429   -10.178708   -10.0866785  -13.258453   -13.549551
 -10.213219    -5.1414723 ]
[ -0.86837023 -16.762253    -9.473895   -13.428074   -15.252449
 -13.11147    -13.449358   -15.390136   -14.786048   -14.340299
 -12.355305   -12.759824   -16.963947  ]
[-0.47684675 -2.7703042  -3.8667498  -0.14763902 -5.3426123 ]
[ 3.833367  -2.3099806]
[ -3.759224  -12.102832   -8.0162735 -14.870046  -16.386269   -8.972316 ]
[-10.853701  -13.331129   -8.573855   -7.128164  -15.083809  -11.369209
  -9.4136915 -13.785902   -9.050509  -12.832551  -13.501882  -13.349413
 -13.685188  -15.162411 ]
[-5.2654166 -3.3104415 -1.3638208 -0.3212818]
[ -2.9179113  -6.454141  -12.081765  -15.78912   -18.882128  -19.222805
 -14.609008  -18.848701  -18.568705  -18.481531   -9.399891  -16.547451
 -17.359833 ]
[  0.35486737 -12.328426    -9.196687  ]
[-8.022438  -4.194513  -2.8882349 -6.2785764 -5.5151014 -5.1944547
 -8.541183 ]
[ -8.057285  -9.255445 -11.202345 -11.796053 -13.607422 -10.675062
 -14.56288  -15.413147 -11.156893 -12.663123 -13.14151  -15.561213
 -13.337691  -9.556773 -10.78407  -11.315417 -13.875004]
[-3.7536697 -6.057344  -6.888328  -7.828182 ]
[ -3.4956577 -12.77532   -12.243246   -9.0609665  -7.490174 ]
[-16.159277   -8.504913  -14.314294   -9.948239  -13.461985  -15.881448
 -15.2635565 -12.998271  -15.668943  -12.093564  -14.004235  -12.168494
 -15.411126   -9.249897  -11.739252 ]
[ -5.0179496 -14.278615  -12.671155   -7.4739356]
[ -1.69888  -13.875797 -15.84136  -16.068247 -16.663319 -16.181297
 -16.422195 -16.07633  -14.948295 -13.194078 -15.112319 -13.642057
 -13.281735 -15.311755]
[-10.146715 -10.221143 -12.585587 -12.946289 -12.986611 -15.428429
  -8.232592]
[-13.567065 -10.687847 -14.945365 -12.826413 -16.12269  -15.861771]
[ -8.5228405 -11.195295  -13.826836  -14.435237  -15.555883  -13.812417
 -12.218144   -5.874577  -14.565114  -13.729971  -14.598926   -8.600386
 -13.24762    -7.2976804 -13.821911  -15.08341   -15.114076   -4.5831313
 -10.113982  -15.930972  -16.060728  -16.482122  -17.201246 ]
[-1.6182338 -5.2872195 -6.5752263 -4.8158817 -4.272644  -4.833868
 -4.5105653 -5.37866   -4.2281427]
[ -9.024246 -11.121678 -11.704088 -12.645292]
[ -3.3990889  -15.16595      0.25933638]
[ -5.326629  -11.044313  -15.31237   -13.455715  -13.617558  -11.780975
 -10.272523  -13.410791  -14.908436   -5.7516437 -16.306742  -14.532383
 -14.355957  -10.888723 ]
[-14.355925  -15.873445  -13.840815  -15.621847   -6.602381   -6.8907475
 -16.09408   -17.21744   -15.696607  -15.653056 ]
[ -3.7630074  -6.2896686 -12.577108  -13.939753   -4.420827   -1.5864772
 -16.292007   -6.364928  -11.871569   -6.3827744 -14.519907  -14.15783  ]
[-11.874125  -15.52247   -15.589064  -15.071426   -8.652419  -14.80363
 -15.233854  -15.570496  -16.569431  -15.926785  -15.99298   -14.599308
 -13.956746  -15.37583   -15.812745  -13.771017  -14.232096  -13.031118
 -12.352644   -9.482558  -13.601551  -11.984874   -5.8548145 -14.263659
 -15.280438  -12.476414   -9.187964   -9.424275  -13.038379 ]
[-9.045755  -1.2396086 -3.7717967 -2.3318596 -3.778366  -4.6441207
 -4.2311087 -3.5078845 -3.9100707 -4.721902 ]
[ -0.6449401  -5.3582397  -7.729287   -6.9276414 -14.76106    -4.3864937]
[-8.562444  -2.807139  -3.34253   -3.530466  -5.8218036 -8.628732
 -7.529855 ]
[ -2.5948942 -16.627035   -6.5688343]
[-2.3847592 -5.7306333]
[ -9.248797   -4.0773664 -14.134846  -12.908772  -14.561647  -15.372447
 -12.45433   -14.624607  -13.194139  -12.372313  -13.751196  -14.964262
 -12.235677  -15.567861 ]
[ -2.1650443 -12.788214  -12.362679  -14.807836 ]
[-12.245281 -15.860106 -15.745588]
[-10.845592   -4.7228413 -15.318137  -11.568206  -13.596379   -6.874136 ]
[ -8.529242   -6.1047773  -9.316344  -14.045992  -14.037784  -14.519737
  -9.759576   -8.800087  -13.897006  -12.882126  -15.776466 ]
[-12.50949   -10.585327  -11.0511675 -14.970752 ]
[ -2.8932743  -8.457928  -15.462896  -12.852573  -13.25925   -11.500415
 -15.667133  -11.472781  -14.0158825 -11.517287  -13.84652   -14.268711
  -2.0603328]
[ -1.4367732 -12.961792   -9.962662  -13.740484  -11.982881  -16.027739
  -7.149873  -13.398021  -13.7290945 -14.284126  -15.9276085 -14.835854
 -13.485748  -15.742259  -14.250981  -15.764853  -11.405234  -13.806839
 -14.108294  -15.547706  -11.858733  -13.458971  -13.3389225 -14.975563
 -15.956515  -15.529627 ]
[ -5.981248  -11.949804  -10.718013  -11.817894   -2.8331718  -3.900274
  -5.7548094  -8.454637 ]
[ -5.745614   -8.00366    -5.608741   -5.026944   -7.2133756  -5.5260973
  -7.3795567  -7.6712623  -7.3012853  -7.4512925  -6.6222606  -6.981383
  -6.831865   -5.4025064  -6.3855205  -7.0357733  -8.280954  -12.4369335
  -6.995426   -4.3971972  -9.211503 ]
[ -8.625917   -6.4095507  -7.6729507  -4.81773    -5.659623  -11.036807
 -15.349972   -8.748465  -15.333306  -15.660441  -14.9474325 -15.185301
 -15.079336 ]
[-10.095233   -2.9541056  -8.828912   -3.9816444 -12.103271   -9.495136
  -8.329793  -11.8141    -11.584104   -8.395436   -8.872203   -6.7666183
 -13.840125  -10.181942   -9.03032    -6.5320897  -5.0842156]
[ -0.7558116  -6.0389333  -6.7404294 -15.52068   -11.071373   -8.571646
  -4.714944  -14.304836   -5.7451043  -8.118894  -15.691214  -12.126289
 -14.210397   -6.05769   -15.868188 ]
[ -9.972265  -12.418079   -5.802437  -14.571001  -14.133513   -7.6510334
 -11.409811  -11.552283  -14.31958  ]
[ -3.4569259  -6.239225  -14.307117  -16.257915  -15.501839   -5.8720613
 -11.14996  ]
[ -1.9924445  -4.6477613  -9.52005    -9.573211  -13.461597  -14.884944
  -5.0735383 -12.472441   -9.719345   -8.6418085]
[ -1.345808   -6.929786  -14.405065   -6.2603917  -6.0702305  -7.7420983
 -16.066296   -9.249765   -7.881935   -6.8981323 -10.779264   -7.7454042
  -6.8826265]
[ -8.801589 -13.039449  -7.497367 -13.934111 -16.667082  -9.82874
 -14.587834 -14.418915 -14.524555]
[ -3.9698627  -9.49755   -11.893436   -6.4122534]
[-1.4094206 -4.4200816]
[-14.207065   -4.1972566 -12.443785  -13.0991955]
[ 0.34857792 -3.9181345  -2.7126217 ]
[-12.364785  -15.004735  -11.126291  -14.972936  -14.715903  -15.89005
 -15.9103565 -15.311577  -14.897352  -15.859282  -15.896991  -16.237713
 -14.888774  -15.663037 ]
[ -7.641593   -5.5907836  -2.4068296 -10.668801   -3.7280052  -4.000319
  -3.1053226  -4.3254027  -9.06152    -7.707635   -4.9479313  -4.1332035
  -4.9361014 -10.664574   -9.446778   -9.207943   -6.9031663]
[ -1.8383741 -12.206023  -14.253619  -14.489801  -15.169513  -16.016651
 -15.539278  -16.329473   -9.514746  -15.567291  -14.933859  -10.710435
 -15.374135  -13.246642  -12.915145  -12.6506605 -10.686577  -10.621189
 -11.23925    -7.74104   -15.545003  -15.725544  -13.224736  -15.759974
 -15.620817  -15.804808  -15.72205  ]
[-4.9668884 -3.2477582 -5.21827   -8.408371  -3.604223 ]
[-2.0572238]
[ -8.646289 -13.350458 -13.039389]
[  0.7080417  -4.521264  -14.405005   -5.8600845  -4.0447397 -11.483103
  -3.6597831  -3.6303449  -4.0366282 -10.531412  -12.874865   -5.3724284
  -4.5690265  -2.3527224  -7.5001082 -14.464747   -7.994055   -8.214704
  -6.271853  -11.947293  -12.220826   -4.5950794]
[ -5.69103    -4.131752   -7.4786286  -7.444935  -10.24457    -6.595689
  -8.420242 ]
[-11.806645 -14.269445 -13.70882  -14.503181]
[ -8.3491125 -11.489231  -12.912003 ]
[-2.3251824 -3.3319504 -4.439462  -2.6961265 -2.0332887]
[ -2.8676453 -10.755974   -8.338909  -11.722019  -13.80794   -16.32717
  -7.94189   -15.228357  -14.031939  -15.5875845]
[ -2.207965  -15.472058   -8.508855  -15.476335   -7.3664556]
[ -5.111114   -5.5166755  -7.6272306 -12.397955   -1.3753728   1.6951703
 -11.8973875  -5.069335 ]
[ -1.4532472 -12.558899  -14.242255  -15.548042  -10.705773  -15.681821
 -12.71997   -15.006089  -17.001122  -13.22383   -13.772865  -16.59824
 -13.241001  -16.141075  -16.23582   -13.930547  -13.420849  -12.428598
 -11.113315  -12.636775 ]
[ -2.8328593  -3.1799312  -7.110101  -10.603085  -11.455625    0.6511394]
[-2.3409114 -6.080747 ]
[ -8.238541  -13.738086  -14.915119   -7.4631405 -14.428916  -15.050551
  -7.50404   -13.374289  -11.420839  -14.0115595]
[  0.718711   -2.2587147  -5.1072106  -2.036034   -4.275093   -4.389701
  -8.789267   -4.8774533  -4.076641   -6.3789887  -6.566148  -10.137496
  -3.8715065  -3.2050924 -15.097142   -6.6380544  -0.6472784  -1.2430745
 -11.111476    1.24926  ]
[ -9.640813 -12.197729 -14.053135 -15.547619 -10.800003]
[-7.3253813 -6.0451636 -4.7302933]
[ -8.776513 -14.510626 -12.439463 -16.087599 -15.152692 -14.570239
 -13.219077 -15.111193]
[-1.6264354  -0.6825212   2.0949624   1.3561126  -3.3140914  -0.25960088]
[ -4.365077   -9.994641  -15.2659645 -15.819913  -14.863322  -16.247526
 -14.53391   -16.34298   -14.675517  -16.212362  -16.186026  -15.363171
 -15.800937  -12.49391   -14.632866  -14.555239  -16.315603 ]
[ -0.9065184  -7.7288885 -10.292452   -9.22883   -10.588297   -5.6210423
  -7.5536184]
[-15.174213   -9.976241   -3.1390965 -10.3068695 -13.616184  -13.01746  ]
[-13.286681  -12.916806   -6.4727383 -11.32093   -11.402857  -13.327867
 -16.91459   -14.193741  -16.631296  -16.081621  -14.759636 ]
[-19.655901   -3.02899    -3.8725903 -10.202232  -15.120551 ]
[-4.848288 -7.1389  ]
[-1.7433537 -4.254291  -5.067151  -6.6835814 -5.198402  -7.46811
 -7.46811  ]
[-13.755906 -12.815168 -11.637236 -10.889272 -12.437609 -14.930784]
[  0.57564133  -3.7468343   -8.921188    -3.7007272   -7.5540385
  -5.852795    -7.623875    -5.7641554  -11.834904    -5.420483
  -9.115576   -13.764378   -11.87554     -2.892104    -5.206496  ]
[-10.803372   -6.0052295  -3.6134226  -5.285191   -6.9675946  -6.578196
 -13.257435 ]
[ -3.746567  -5.12198  -11.771371 -14.907409 -14.01585  -14.993648
  -8.403357  -9.951992]
[ -8.574864 -13.29744 ]
[ -2.4448779 -14.4734335 -14.491629  -10.34258   -12.778237  -14.383839
 -12.688052  -15.348826 ]
[-10.020836 -15.476374  -7.386372 -12.905572 -15.336474 -14.611648
 -13.046807 -15.043127 -15.727909 -12.591481 -14.619021 -11.441182
 -15.623093]
[ -7.6046305 -16.03359    -9.494779  -10.280099  -16.874172  -15.025012
 -12.681544  -12.692449   -9.8833475 -10.137974  -15.186628  -12.059353
 -13.9512005]
[ -2.50829     -0.11226525  -3.01263     -1.6145942   -2.1316297
  -2.9494648    0.8476535   -0.55323875  -2.3099957   -2.5750842
   1.1489358   -0.93932885  -0.5648331   -2.0663285   -2.0224733
  -1.7510697  -15.987361    -4.8509555   -4.1096635   -0.82648313
  -1.746284    -2.2443306 ]
[ -4.264582  -12.06739    -8.959562   -4.886741  -10.1953    -10.173764
  -9.274209  -12.9507475  -5.9394097 -15.834261   -5.2605615  -8.200996 ]
[ -0.99162036  -3.7818606  -12.789286    -6.855651  ]
